0324.52080
0215.52080
0295.52080
0255.52080
0186.52080
0220.52080
0334.52080
02702080
02712080
02302080
02722080
02312080
0191.52080
0151.52080
02732080
02322080
02332080
02742080
02342080
02752080
02352080
02762080
0265.52080
02362080
02772080
02372080
02782080
02382080
02792080
02392080
0230.52080
0384.52080
0344.52080
0304.52080
0161.52080
0275.52080
0200.52080
0280.52080
0240.52080
0394.52080
0171.52080
0227.52080
0210.52080
0290.52080
0250.52080
0158.52080
0198.52080
03902080
0181.52080
03912080
03922080
03102080
03932080
03112080
03942080
03122080
03952080
03542080
03132080
03962080
03142080
03972080
03152080
03982080
03162080
03992080
0237.52080
03172080
03182080
03192080
0260.52080
0168.52080
0316.52080
0247.52080
0207.52080
0287.52080
0270.52080
0178.52080
0326.52080
0257.52080
0217.52080
0297.52080
0188.52080
0222.52080
0336.52080
0193.52080
0153.52080
01602080
0267.52080
01612080
01622080
01632080
01642080
01652080
01662080
01672080
01682080
01692080
0232.52080
0386.52080
0306.52080
0163.52080
0311.52080
0242.52080
0202.52080
0282.52080
0396.52080
0173.52080
0321.52080
0229.52080
0212.52080
0292.52080
0252.52080
0183.52080
0331.52080
02802080
02812080
02402080
02822080
02412080
02002080
02832080
02422080
02012080
02842080
02432080
02022080
0239.52080
02852080
02442080
02032080
02862080
02452080
02042080
02872080
02462080
02052080
02882080
02472080
02062080
02892080
02482080
02072080
02492080
02082080
02092080
0262.52080
0318.52080
0381.52080
0341.52080
0301.52080
0209.52080
0289.52080
0249.52080
0272.52080
0328.52080
0259.52080
0219.52080
0299.52080
0224.52080
0338.52080
0155.52080
0195.52080
0269.52080
03202080
03212080
03222080
03232080
03242080
03252080
03262080
03272080
03282080
03292080
0234.52080
0388.52080
0348.52080
0308.52080
0165.52080
0279.52080
0313.52080
0244.52080
0204.52080
0284.52080
0398.52080
0175.52080
0323.52080
0254.52080
0214.52080
0294.52080
0185.52080
0333.52080
01702080
01712080
0150.52080
01722080
0190.52080
01732080
01742080
01752080
01762080
0264.52080
01772080
01782080
01792080
0383.52080
0343.52080
0303.52080
0160.52080
0274.52080
0393.52080
0170.52080
0226.52080
0197.52080
0157.52080
0180.52080
02902080
02502080
02912080
02512080
02102080
02922080
02522080
02112080
02932080
02532080
02122080
02942080
02542080
02132080
02952080
02552080
02142080
02962080
02562080
02152080
02972080
02572080
02162080
02982080
02582080
02172080
0236.52080
02992080
02592080
02182080
02192080
0167.52080
0315.52080
0206.52080
0286.52080
0246.52080
0177.52080
0365.52080
0325.52080
0216.52080
0296.52080
0256.52080
0187.52080
0221.52080
0335.52080
03302080
0192.52080
0152.52080
03312080
03322080
03332080
03342080
0266.52080
03352080
03362080
03372080
03382080
03392080
0231.52080
0385.52080
0305.52080
0162.52080
0276.52080
0310.52080
0201.52080
0281.52080
0241.52080
0395.52080
0172.52080
0320.52080
0228.52080
0211.52080
0291.52080
0251.52080
0159.52080
0199.52080
0182.52080
0330.52080
01802080
01812080
01822080
01832080
0238.52080
01842080
01852080
01862080
01872080
01882080
01892080
0261.52080
0169.52080
0317.52080
0340.52080
0300.52080
0248.52080
0208.52080
0288.52080
0271.52080
0179.52080
0327.52080
0390.52080
0258.52080
0218.52080
0298.52080
0189.52080
0223.52080
0337.52080
0154.52080
0194.52080
02602080
0268.52080
02612080
02202080
02622080
02212080
02632080
02222080
02642080
02232080
02652080
02242080
02662080
02252080
02672080
02262080
02682080
02272080
02692080
02282080
02292080
0233.52080
0387.52080
0307.52080
0164.52080
0278.52080
0312.52080
0243.52080
0203.52080
0283.52080
0397.52080
0174.52080
0322.52080
0253.52080
0213.52080
0293.52080
0184.52080
0332.52080
03812080
03402080
03822080
03412080
03002080
03832080
03422080
03012080
03842080
03432080
03022080
03852080
03442080
03032080
03862080
03042080
03872080
03462080
03052080
03882080
03062080
03892080
03072080
03082080
0263.52080
03092080
0319.52080
0382.52080
0342.52080
0302.52080
0273.52080
0329.52080
0392.52080
0225.52080
0339.52080
0196.52080
0156.52080
01902080
01912080
01502042.26
01922080
01512080
01932080
01522080
01942080
01532080
01952080
01542080
01962080
01552080
01972080
01562080
01982080
01572080
01992080
01582080
0235.52080
01592080
0389.52080
0309.52080
0166.52080
0314.52080
0205.52080
0285.52080
0245.52080
0399.52080
0176.52080
