324.52080
215.52080
295.52080
255.52080
186.52080
220.52080
334.52080
2702080
2712080
2302080
2722080
2312080
191.52080
151.52080
2732080
2322080
2332080
2742080
2342080
2752080
2352080
2762080
265.52080
2362080
2772080
2372080
2782080
2382080
2792080
2392080
230.52080
384.52080
344.52080
304.52080
161.52080
275.52080
200.52080
280.52080
240.52080
394.52080
171.52080
227.52080
210.52080
290.52080
250.52080
158.52080
198.52080
3902080
181.52080
3912080
3922080
3102080
3932080
3112080
3942080
3122080
3952080
3542080
3132080
3962080
3142080
3972080
3152080
3982080
3162080
3992080
237.52080
3172080
3182080
3192080
260.52080
168.52080
316.52080
247.52080
207.52080
287.52080
270.52080
178.52080
326.52080
257.52080
217.52080
297.52080
188.52080
222.52080
336.52080
193.52080
153.52080
1602080
267.52080
1612080
1622080
1632080
1642080
1652080
1662080
1672080
1682080
1692080
232.52080
386.52080
306.52080
163.52080
311.52080
242.52080
202.52080
282.52080
396.52080
173.52080
321.52080
229.52080
212.52080
292.52080
252.52080
183.52080
331.52080
2802080
2812080
2402080
2822080
2412080
2002080
2832080
2422080
2012080
2842080
2432080
2022080
239.52080
2852080
2442080
2032080
2862080
2452080
2042080
2872080
2462080
2052080
2882080
2472080
2062080
2892080
2482080
2072080
2492080
2082080
2092080
262.52080
318.52080
381.52080
341.52080
301.52080
209.52080
289.52080
249.52080
272.52080
328.52080
259.52080
219.52080
299.52080
224.52080
338.52080
155.52080
195.52080
269.52080
3202080
3212080
3222080
3232080
3242080
3252080
3262080
3272080
3282080
3292080
234.52080
388.52080
348.52080
308.52080
165.52080
279.52080
313.52080
244.52080
204.52080
284.52080
398.52080
175.52080
323.52080
254.52080
214.52080
294.52080
185.52080
333.52080
1702080
1712080
150.52080
1722080
190.52080
1732080
1742080
1752080
1762080
264.52080
1772080
1782080
1792080
383.52080
343.52080
303.52080
160.52080
274.52080
393.52080
170.52080
226.52080
197.52080
157.52080
180.52080
2902080
2502080
2912080
2512080
2102080
2922080
2522080
2112080
2932080
2532080
2122080
2942080
2542080
2132080
2952080
2552080
2142080
2962080
2562080
2152080
2972080
2572080
2162080
2982080
2582080
2172080
236.52080
2992080
2592080
2182080
2192080
167.52080
315.52080
206.52080
286.52080
246.52080
177.52080
365.52080
325.52080
216.52080
296.52080
256.52080
187.52080
221.52080
335.52080
3302080
192.52080
152.52080
3312080
3322080
3332080
3342080
266.52080
3352080
3362080
3372080
3382080
3392080
231.52080
385.52080
305.52080
162.52080
276.52080
310.52080
201.52080
281.52080
241.52080
395.52080
172.52080
320.52080
228.52080
211.52080
291.52080
251.52080
159.52080
199.52080
182.52080
330.52080
1802080
1812080
1822080
1832080
238.52080
1842080
1852080
1862080
1872080
1882080
1892080
261.52080
169.52080
317.52080
340.52080
300.52080
248.52080
208.52080
288.52080
271.52080
179.52080
327.52080
390.52080
258.52080
218.52080
298.52080
189.52080
223.52080
337.52080
154.52080
194.52080
2602080
268.52080
2612080
2202080
2622080
2212080
2632080
2222080
2642080
2232080
2652080
2242080
2662080
2252080
2672080
2262080
2682080
2272080
2692080
2282080
2292080
233.52080
387.52080
307.52080
164.52080
278.52080
312.52080
243.52080
203.52080
283.52080
397.52080
174.52080
322.52080
253.52080
213.52080
293.52080
184.52080
332.52080
3812080
3402080
3822080
3412080
3002080
3832080
3422080
3012080
3842080
3432080
3022080
3852080
3442080
3032080
3862080
3042080
3872080
3462080
3052080
3882080
3062080
3892080
3072080
3082080
263.52080
3092080
319.52080
382.52080
342.52080
302.52080
273.52080
329.52080
392.52080
225.52080
339.52080
196.52080
156.52080
1902080
1912080
1502042.26
1922080
1512080
1932080
1522080
1942080
1532080
1952080
1542080
1962080
1552080
1972080
1562080
1982080
1572080
1992080
1582080
235.52080
1592080
389.52080
309.52080
166.52080
314.52080
205.52080
285.52080
245.52080
399.52080
176.52080
